1
5
14
18
21
25
33
37
42
47
53
58
67
79
9
23
80
90
113
134
160
179
212
223
235
244
280
287
40
41
60
74
92
105
116
117
261
84
85
87
102
196
168
172
195
228
232
240
243
17
30
38
295
309
322
335
348
361
377
384
392
402
303
310
316
410
414
426
456
476
506
518
529
538
553
597
323
330
341
358
374
422
432
442
448
455
462
485
494
502
512
564
574
582
589
608
615
546
600
621
627
653
659
668
676
682
694
710
722
728
737
747
761
769
781
633
643
649
678
697
706
634
636
629
638
795
811
824
834
838
844
857
804
914
1025
866
977
840
845
846
853
861
868
879
892
908
929
939
948
960
1074
1088
1103
1132
1151
901
956
997
1017
1035
1046
1064
1052
1056
1058
1068
1170
1174
1180
1210
1226
1243
1281
1183
1184
1193
1202
1217
1232
1233
400001
4000013
4000019
4000024
4000035
4000042
4000045
4000051
4000054
4000058
4000063
4000067
4000070
4000075
4000080
4000084
4000087
4000091
4000096
4000099
40000106
4000028
4000031
4000037
4000043
4000047
4000056
4000061
400004
4000048
4000062
4000066
4000071
40000102
40000108
40000114
40000117
40000222
40000246
40000255
40000245
40000270
40000275
40000282
40000288
40000292
40000297
40000304
40000307
40000311
40000317
40000321
40000278
40000326
40000333
40000335
40000340
40000346
40000349
40000352
40000355
40000359
40000363
40000367
40000370
40000374
40000280
40000279
40000322
40000339
40000342
40000353
40000418
40000426
40000432
40000442
40000447
40000450
40000455
40000457
40000458
40000459
40000490
40000497
40000503
40000507
40000511
40000516
40000519
40000523
40000530
40000532
40000518
40000535
40000538
40000542
40000545
40000533
40000546
40000550
40000554
40000556
40000560
40000565
40000571
40000578
40000584
40000590
40000594
40000600
40000604
40000611
40000616
40000620
40000624
40000631
40000634
40000637
40000643
40000647
40000650
40000654
40000658
40000661
40000665
40000669
40000674
40000677
40000682
40000685
40000689
40000694
40000700
40000704
40000708
40000712
40000716
40000719
40000722
40000725
40000728
40000742
40000752
40000772
40000731
40000753
40000732
40000757
40000773
40000779
40000782
40000787
40000792
40000804
40000809
40000814
40000818
40000789
40000796
40000805
40000820
40000806
40000821
40000822
40000825
40000828
40000830
40000834
40000837
40000840
40000843
40000848
40000851
40000853
40000856
40000859
40000861
40000863
40000868
40000870
40000873
40000876
40000878
40000881
40000819
40000933
40000936
40000940
40000944
40000947
40000950
40000952
40000955
40000958
40000963
40000966
40000969
40000972
40000975
40000977
40000990
400001010
400001014
400001017
400001021
400001023
400001027
400001028
400001035
400001038
400001040
400001043
400001047
400001050
400001052
400001059
400001064
400001065
400001066
400001075
400001079
400001085
400001090
400001031
400001037
400001044
400001057
400001069
400001072
400001097
400001113