1
5
14
18
21
25
33
37
42
47
53
58
67
79
9
23
80
90
113
134
160
179
212
223
235
244
280
287
40
41
60
74
92
105
116
117
261
84
85
87
102
196
168
172
195
228
232
240
243
17
30
38
295
309
322
335
348
361
377
384
392
402
303
310
316
410
414
426
456
476
506
518
529
538
553
597
323
330
341
358
374
422
432
442
448
455
462
485
494
502
512
564
574
582
589
608
615
546
600
621
627
653
659
668
676
682
694
710
722
728
737
747
761
769
781
633
643
649
678
697
706
634
636
629
638
795
811
824
834
838
844
857
804
914
1025
866
977
840
845
846
853
861
868
879
892
908
929
939
948
960
1074
1088
1103
1132
1151
901
956
997
1017
1035
1046
1064
1052
1056
1058
1068
1170
1174
1180
1210
1226
1243
1281
1183
1184
1193
1202
1217
1232
1233